0, inf
Next wall collision: id=3, time to collision=810
0, 810
5, 810
10, 810
15, 810
20, 810
25, 810
30, 810
35, 810
40, 810
45, 810
50, 810
55, 810
60, 810
65, 810
70, 810
75, 810
80, 810
85, 810
90, 810
95, 810
100, 810
105, 810
110, 810
115, 810
120, 810
125, 810
130, 810
135, 810
140, 810
145, 810
150, 810
155, 810
160, 810
165, 810
170, 810
175, 810
180, 810
185, 810
190, 810
195, 810
200, 810
205, 810
210, 810
215, 810
220, 810
225, 810
230, 810
235, 810
240, 810
245, 810
250, 810
255, 810
260, 810
265, 810
270, 810
275, 810
280, 810
285, 810
290, 810
295, 810
300, 810
305, 810
310, 810
315, 810
320, 810
325, 810
330, 810
335, 810
340, 810
345, 810
350, 810
355, 810
360, 810
365, 810
370, 810
375, 810
380, 810
385, 810
390, 810
395, 810
400, 810
405, 810
410, 810
415, 810
420, 810
425, 810
430, 810
435, 810
440, 810
445, 810
450, 810
455, 810
460, 810
465, 810
470, 810
475, 810
480, 810
485, 810
490, 810
495, 810
500, 810
505, 810
510, 810
515, 810
520, 810
525, 810
530, 810
535, 810
540, 810
545, 810
550, 810
555, 810
560, 810
565, 810
570, 810
575, 810
580, 810
585, 810
590, 810
595, 810
600, 810
605, 810
610, 810
615, 810
620, 810
625, 810
630, 810
635, 810
640, 810
645, 810
650, 810
655, 810
660, 810
665, 810
670, 810
675, 810
680, 810
685, 810
690, 810
695, 810
700, 810
705, 810
710, 810
715, 810
720, 810
725, 810
730, 810
735, 810
740, 810
745, 810
750, 810
755, 810
760, 810
765, 810
770, 810
775, 810
780, 810
785, 810
790, 810
795, 810
800, 810
805, 810
810, 810
Next wall collision: id=1, time to collision=680
810, 1490
815, 1490
820, 1490
825, 1490
830, 1490
835, 1490
840, 1490
845, 1490
850, 1490
855, 1490
860, 1490
865, 1490
870, 1490
875, 1490
880, 1490
885, 1490
890, 1490
895, 1490
900, 1490
905, 1490
910, 1490
915, 1490
920, 1490
925, 1490
930, 1490
935, 1490
940, 1490
945, 1490
950, 1490
955, 1490
960, 1490
965, 1490
970, 1490
975, 1490
980, 1490
985, 1490
990, 1490
995, 1490
1000, 1490
1005, 1490
1010, 1490
1015, 1490
1020, 1490
1025, 1490
1030, 1490
1035, 1490
1040, 1490
1045, 1490
1050, 1490
1055, 1490
1060, 1490
1065, 1490
1070, 1490
1075, 1490
1080, 1490
1085, 1490
1090, 1490
1095, 1490
1100, 1490
1105, 1490
1110, 1490
1115, 1490
1120, 1490
1125, 1490
1130, 1490
1135, 1490
1140, 1490
1145, 1490
1150, 1490
1155, 1490
1160, 1490
1165, 1490
1170, 1490
1175, 1490
1180, 1490
1185, 1490
1190, 1490
1195, 1490
1200, 1490
1205, 1490
1210, 1490
1215, 1490
1220, 1490
1225, 1490
1230, 1490
1235, 1490
1240, 1490
1245, 1490
1250, 1490
1255, 1490
1260, 1490
1265, 1490
1270, 1490
1275, 1490
1280, 1490
1285, 1490
1290, 1490
1295, 1490
1300, 1490
1305, 1490
1310, 1490
1315, 1490
1320, 1490
1325, 1490
1330, 1490
1335, 1490
1340, 1490
1345, 1490
1350, 1490
1355, 1490
1360, 1490
1365, 1490
1370, 1490
1375, 1490
1380, 1490
1385, 1490
1390, 1490
1395, 1490
1400, 1490
1405, 1490
1410, 1490
1415, 1490
1420, 1490
1425, 1490
1430, 1490
1435, 1490
1440, 1490
1445, 1490
1450, 1490
1455, 1490
1460, 1490
1465, 1490
1470, 1490
1475, 1490
1480, 1490
1485, 1490
1490, 1490
Next wall collision: id=3, time to collision=810
1490, 2300
1495, 2300
1500, 2300
1505, 2300
1510, 2300
1515, 2300
1520, 2300
1525, 2300
1530, 2300
1535, 2300
1540, 2300
1545, 2300
1550, 2300
1555, 2300
1560, 2300
1565, 2300
1570, 2300
1575, 2300
1580, 2300
1585, 2300
1590, 2300
1595, 2300
1600, 2300
1605, 2300
1610, 2300
1615, 2300
1620, 2300
1625, 2300
1630, 2300
1635, 2300
1640, 2300
1645, 2300
1650, 2300
1655, 2300
1660, 2300
1665, 2300
1670, 2300
1675, 2300
1680, 2300
1685, 2300
1690, 2300
1695, 2300
1700, 2300
1705, 2300
1710, 2300
1715, 2300
1720, 2300
1725, 2300
1730, 2300
1735, 2300
1740, 2300
1745, 2300
1750, 2300
1755, 2300
1760, 2300
1765, 2300
1770, 2300
1775, 2300
1780, 2300
1785, 2300
1790, 2300
1795, 2300
1800, 2300
1805, 2300
1810, 2300
1815, 2300
1820, 2300
1825, 2300
1830, 2300
1835, 2300
1840, 2300
1845, 2300
1850, 2300
1855, 2300
1860, 2300
1865, 2300
1870, 2300
1875, 2300
1880, 2300
1885, 2300
1890, 2300
1895, 2300
1900, 2300
1905, 2300
1910, 2300
1915, 2300
1920, 2300
1925, 2300
1930, 2300
1935, 2300
1940, 2300
1945, 2300
1950, 2300
1955, 2300
1960, 2300
1965, 2300
1970, 2300
1975, 2300
1980, 2300
1985, 2300
1990, 2300
1995, 2300
2000, 2300
2005, 2300
2010, 2300
2015, 2300
2020, 2300
2025, 2300
2030, 2300
2035, 2300
2040, 2300
2045, 2300
2050, 2300
2055, 2300
2060, 2300
2065, 2300
2070, 2300
2075, 2300
2080, 2300
2085, 2300
2090, 2300
2095, 2300
2100, 2300
2105, 2300
2110, 2300
2115, 2300
2120, 2300
2125, 2300
2130, 2300
2135, 2300
2140, 2300
2145, 2300
2150, 2300
2155, 2300
2160, 2300
2165, 2300
2170, 2300
2175, 2300
2180, 2300
2185, 2300
2190, 2300
2195, 2300
2200, 2300
2205, 2300
2210, 2300
2215, 2300
2220, 2300
2225, 2300
2230, 2300
2235, 2300
2240, 2300
2245, 2300
2250, 2300
2255, 2300
2260, 2300
2265, 2300
2270, 2300
2275, 2300
2280, 2300
2285, 2300
2290, 2300
2295, 2300
2300, 2300
Next wall collision: id=1, time to collision=680
2300, 2980
2305, 2980
2310, 2980
2315, 2980
2320, 2980
2325, 2980
2330, 2980
2335, 2980
2340, 2980
2345, 2980
2350, 2980
2355, 2980
2360, 2980
2365, 2980
2370, 2980
2375, 2980
2380, 2980
2385, 2980
2390, 2980
2395, 2980
2400, 2980
2405, 2980
2410, 2980
2415, 2980
2420, 2980
2425, 2980
2430, 2980
2435, 2980
2440, 2980
2445, 2980
2450, 2980
2455, 2980
2460, 2980
2465, 2980
2470, 2980
2475, 2980
2480, 2980
2485, 2980
2490, 2980
2495, 2980
2500, 2980
2505, 2980
2510, 2980
2515, 2980
2520, 2980
2525, 2980
2530, 2980
2535, 2980
2540, 2980
2545, 2980
2550, 2980
2555, 2980
2560, 2980
2565, 2980
2570, 2980
2575, 2980
2580, 2980
2585, 2980
2590, 2980
2595, 2980
2600, 2980
2605, 2980
2610, 2980
2615, 2980
2620, 2980
2625, 2980
2630, 2980
2635, 2980
2640, 2980
2645, 2980
2650, 2980
2655, 2980
2660, 2980
2665, 2980
2670, 2980
2675, 2980
2680, 2980
2685, 2980
2690, 2980
2695, 2980
2700, 2980
2705, 2980
2710, 2980
2715, 2980
2720, 2980
2725, 2980
2730, 2980
2735, 2980
2740, 2980
2745, 2980
